INDEX Locontm. 27⁹

Deuteronomium. Deuteronomium.

15, 199. 11, 284. 21,20. 1, 371. 609.
8. 1, 253. 21. 1, 381.

12. 11, 285. 395. 23. 1, 231.11‚ 324.

18, 3. 1, 542. 22, 5. 11, 378.

16. 1, 89. 8. 1, 328.
19. 11, 348. · 10. 11, 400.
20. I, 141. 195. 1388. Π, 312.
21. 1, 53. 2398. 11, 311.
22. 1, 657. 27. 11, 312.

17,6. 11, 344. 23,1. 1, 389. 883.
15. 1, 313. 11, 382. 2. Ι, 89. 426. 447.
16. Ι,314. 3. 1, 103. 280.
1899. 11, 383. 6. Ι, 454.

18, 4. 11, 391. 8. 11, 393.

10. 11, 260. 13. 1, 72. 117. 213. 214.

19,5. 1, 557. 14. 1, 117.1181>19.

14. 1, 241. Π, 360. 16. 1, 126.
15. 11, 344. 17. 1, 128.
1699. (V, 82.) 18. 1, 472. 11, 228.
17. 1, 100. 19. 11, 284.

2o,1. 1, 312. 445. 20. 11, 388.
199. 11, 372. 22. 1, 172.

5. 1, 325. 24. (Α. 11, 348.)

5-7, Ι, 323. 11, 380. 24, 6. 11, 333.

10. Π, 393. 10. 11, 390.

19. 11, 400. 15. Π, 368.

20. 1, 302. 16. Π,325.

23. Ι, 231. 19. 11, 390.
21‚1039. Π, 393. 20. H, 390.

.H, 394. 2⁵, 4. H, 399.

15. Ῑ,480. 11. H, 328.

158.1,75.395.12.1‚888.11,828.829.

15—17.1,167. 13. I, 496. 684.

17. Ῑ,237. 179. ’1,458.

18- 21. 1, 359. 18. Ι, 360.

189. (v, 57.) 26,13. 1, 695.

