ἥδ ῙΝΠΕΧ ΠΔΝῦΕῩΔΝῦδ 11.

Genesis. Genesis.
17,166. 1, 58766. 18,46. (A. Π, 247 66.)
2. 1, 536. 6. 1, 173.

3. 1, 536. (Δ. 11, 202.)
aa. (A.11,210.)

46. 1, 587.

5. (A. 11, 212.)

0. (A. 11, 215.)

8. (A. 11, 216.)
106. (Α. 11, 217.)
· 12. (Α. 11, 217. 212. 223.
13. (A 11, 220.)

688. (A. 11, 242 οε.)
9. 1, 203. (A. 11, 253.)
10. 1, 456. 11, 20. (Δ. Π,
254 3.)
1066. H, 280.
11. 1, 148. 126. 251.365.
565. 571. 633. (Δ.
Π, 255 6.)
11 6. 1, 130.
12. 1, 003. (A. 11, 257.)

 

14. Π, 675. (A. 11, 226.)

15. (Δ. 11, 228.)

1566. Ι, 130.

16. Ι, 523. 600. 601. (Δ.
11, 229.)

17. 1, 002. 605 bis. 606.
(A. 11, 229. 230.)

17 ss. 1, 104.

18. 1, 00⁹. 010. 011. (A.
11, 233.)

12. Ι, 617.)613. (A. Π,

20. 1, 613. (Δ. 11, 234.)

21. 1, 613 bis. 019. (A.
11, 234.)

22. 1, 012.

24 6. (A. 11, 235.)

27. (A. 11, 236.)

18, 1 6. (A. Π, 237.)

166. 11, 10.

1—10. (A. Π, 244.)

13 s. (A. 11, 253 bis.)‘

15. 11, 30. (A. 11, 252.)

16. 1, 403. (A. 11, 260.)

17. 1, 23. 401. (A. Π,

1966. ἔξιθῐ, 26166.)

22. 1, 142. 688. (A. Π,
264.)

22 6. Ι, 231.

23. Ι, 32. 456. (Α. Π,

24-3Ξ6ῗ2. Π, 266.)

27. 1, 226. 477. (Α. 11,

32. 1, ffg'zns.

33. 1, 631. (A. Π, 263.)

19, 1 33. (A. 11, 269 66.)

4. 1, 409. (A. 11, 272.)

566. (A. 11, 272 66.)
11. Ι, 567. (A. Π, 276.)
1266. (A. 11, 27766.)

2. (Δ. Π, 242. 245. 014 20. Π, 25.

3. Π,ἓ>13ἶ)(ᾼ. Π, 246.)

21 s. (A. 11, 236 s.)
23 a. Ι, 633. (A. 11, 234.)

