mnssx Locontm. 271

Genesis. Exodus.
50,19. 1, 439. 461. 673. 11, 4,12. 1, 477.
73. 14. Ι,215.217. 603.
24. 1, 439. 1453. 1, 443.
22. 1, 237.
E x ο d u 3· 5, 2. I, 24⁷. 360. 368. 683.
(A. 11, 312.)
1, 9. 1, 444. 14. 1, 530.
11. 1, 235. 413. 632. 225. 1, 476.
15. 1,,491. 6, 12. 1, 199.
13. Ι, 453. 23. Ι,239.
19. 1, 571. 25. Ι, 610.
20. 1, 135. 27. Ι, 510.
21. 1, 33. 470. 29. 1, 531.
2, ιε. 1, 533. 7, 1. 1, 51. 155. 199. 222.
3. 1, 420. 449. 531.597. 634.’
6. 1, 421. 12. 1, 449 bis.
12. 1, 94. 567. · 15. 1, 409. 695. 693.
15. 1, 39. 567. 17. ·1‚ 531.
16 εὲ. 1, 595. 175. 1, 693.
13. 1, 594. 596. 33. Ι, 564.
21. Ι, 239. 3, 1. 1, 419.
213. 1, 147. 5. 1,175.
22. 1, 417. . 15. 1, 449 bis.
23. 1, 129. 130. 209 bis. 19. Ι, 449 bis.
413. 433. 25. 1, 171.
3, 1. 1, 171. 306. 307. 26. Ι, 543.
2. 1, 570. 9,29. 1, 95. 372.
, 4. Ι, 650. 293. 1, 531.
5. 1, 570. 10,21. 1, 633.
6. 1, 566. 23. 1, 538.
9. 1, 130. 11,7. 1, 694.
11s. 1, 555. 12‚1ss. 11, 292.
14. 1, 222. 555. 2. (A. 11, 123. 444.)
15. 11, 3. , 3. 1, 534. (A. Π, 446.
4, 333. 1, 82. 448.)

10. 1, 166. 199. 473. 4. Ι, 500. (Α. 11, 4503.)

