278 INDEX RANGEYANUS 11.

Nn meri. Deuteronomium.
80,4εο. 1, 77. 11, 874. 8,10. Ι, 578.
10. 1, 819. 11. 1, 887.
13. Ι, 819. 18. 1, 188.
81,8. Ι, 899. 809. 7, 1. Ῑ,588.
88. Ι, 78. 78. 1, 445.
88. 1, 663. 80. 11, 488.
40.. Ι, 457. 8, 8. 1, 544. 11, 897.
41. 1, 489. 8. Ι, 181.
49. Ι, 418. 595. 12 ss. Ι, 178.
498. 1, 875. 148. 1, 31.
50. Ι, 875. 15. Ι, 888.
85,5εε. 11, 891. 178. 1, 178.
988. Π, 320. ⁶ 16. Ι, 89. 327. Π, 403.
85. 11, 321. 9, 5. 1, 178.
80. 11, 344. 10, 9. 1, 75. 889. 588. 844.
10. 1, 889.
Deuteronomium. 16- ΠιΞῗξθ) δίε· (Δ- 11, ⁴
1, 17. I, 495. 662. II, 347. 17. I, 431. Π, 258. 365.
81. 1, 231. 666. 601.
438. 1, 887. 19. Π, 898.
4, 1. 1, 588. 20. 1, 458.
4. 1, 554. 11, 216. 264. 21. 11, 858.
8. 1, 444. 88. 1, 466.
18. 1, 443. 12‚3. 11, 857. 881.
19. 11, 818. 88. 1, 807. 11, 888.
84. (A. 11, 817.) 88. Ι, 584.
89. 1, 587. 81. 11, 26.
39. Ι, 88. 103. 13,1ss.11,259.
518 (ν57) , 4.Ι,458.
87. 1, 413. 8. 1‚464.
31. Ι, 165. 231. 269. 276. 14, 1. Ι, 426. Π, 260.
409. 663. 48. Π, 353.
⁶, 62. 11, 858. 8. 11, 353.
7. 11, ’859 bis.664. 10. 11, 854.
⁸· 112 3⁵8 1288. 11, 855.

 

