m. mg.

ς ‘som .11. ἴση. 1. vom. 1. 'rom- 1.
1000 5585 1945 5795 1691 765 1588 6875
21 5545 Ι 5 5865 a 715 9 6685
-9 5555 7 5815 a. 795 1140 6895
. {a we a ὃ 5828 4 731) 1 6901)
4 5585 9 5885 5 745 ’ 9 6915
5 5595 1656 · 588 5 6 75 5 . 8 699 5
6 5665 1 5845 7 765 4 6965
7 5615 9 5855 8 775 5 6945
8 561 0 8 0860 9 788, 6 6951)
9 5695 4 5875 1166 795 7 6965
1616 5685 5 5885 9 865 . 8 6975
11 5645 6 5895 9 815 9 6985
19 5655 ,7 5965 8 815
13 566 0 8 59]. b 4 82 0 'rom Π
14 5675 9 5995 5 885 · ”
15 5695 1030 5931, 6 845 1156 6615
16 570 a 1 594 b 7 85 b 1 602 8
1‘1 571 α, 2 595'1, ‘8 659 b 2 603 a
18 572 a 3 596 b 9 660 a 8 604 b
19 573 a 4 597 b 1110 660 ο 4 605 b
1696 5745 5 5932, 11 6615 5 6665
1 5755 3 599, 19 6695 6 667 5
2 576 b 7 300 ⁸ 13 663 ο 7 008 8
3 577 b 3 ⁶01 g 14 664 0 8 609 8
4 578 b 9 301 ο 15 665 ο 9 610 a
0
z 2331: 2333 9 2230 ,232
ἔ ἓξὲξ 2 σου {3 ἓξὲξ 3 εἰῇ·
9 5845 ⁸ ⁶⁰⁶0 1196 6765 4 ωε
1686 5855 4 ⁶⁰⁶0 1 6715 5 ⁶ 15
1 99 ’ἐ ἓὲἔὲ 3 2³1? ο
Ι
7 309 ο 7 618 a
Ξ Ξὲῗὲ ε 2132 ἒ 2³22 ε’ 89,
6 5995 1686 6195 ²31 ἓξὲξ 1176 6915
7 593 ι 1 613 ο 8 677 ο. l 622 a
8 5945 9 6145 9 6785 9 6985
9 5955 9 6155 1186 6795 8 2⁷⁷¹>
104⁰ 5965 4 6165 1 6865 4 2⁷8b
1 5975 5 6175 9 681 5 ⁵ 2⁷⁹⁸
9 5985 6 6195 9 6895 ⁶ 2⁸⁰⁸
8 5995 7 665 4 6885 ,7 ²⁸⁰⁰
8 675 5 6845 ⁸ 2⁸10
‘l'om- 1. 9 68 2 3 685 b 9 282 c
1044 5785 1696 695 7 6865 1186 9885

mmm PAGHNARUM 'COLLATARURL 361

Pam mg. 95515. mag. Pam. ung.

