INDEX PAGINARUM coznArAmm. 297
ran-12. unns. rann. nans. m. ung. mn. ung.

Tou. 1. 'rom- 1. Τοιιι. 11. Tem. 1.
278 8940 m 4660 865 lob 408 4865
7 895 0 8 407 0 6 17 5 8 457 5
8 896 0 4 408 0 7 18 0 416 458 b
8 898 a 5 409 0 8 19 0 11 459 b
m 899 a 6 410 ο 9 20 0 12 460 b
1 400 ι 7 411 0 876 21 0 18 481 b
2 401 ε, 8 412 0 - 1 22 ο 14 462 5
8 402 a 9 414 ει 2 28 0 15 468 5
4 262 a 880 415 ι 8 240 16 4645
5 263 ει 1 416 ο. 4 25 0 17 465 5
6 2645 2 417 ει 5 26 0 18 4665
7 265 5 8 ’418 ει 6 27 0 19 467 1)
8 266 0 4 4190 7 280 420 4685
9 267 0 5 4205 8 29 0 1 469 5
290 2680 6 421 5 9 800 2 4705
1 269 0 7 4225 880 81 0 8 4715
2 2700 8 4281) 1 820 4 5190
8 271 0 9 424 1) 2 88 0 ’ 5 520 a
4 278 ει 840 425 5 8 850 6 521 a.
5 2748 1 4260 4 860 7 5220
6 275 a . 2 427 0 5 87 a 8 523 ε.
· 7 276 a 8 428 0 6 87 0 9 524 a
8 277 a 4 429 0 7 88 ο 480 525 a
,9 2780 5 4810 80 890 1 5260,
800 279 a 6 482 a 2 527 a
1 2801) 7 488 a mom. 1 8 528 a.
2 281 5 8 484 α ” 4 ⁶ 529 a
8 282 b 8⁸ 4840 8885 4865 5 5800
4 288 0 9 486 0 6 581 a
5 284 0 ΤΟ.. 11· 880 487 0 7 582 a
6 285 0 1 488 0 8 588 a
7 286 0 849 e 11) 2 489 0 9 584 a
8 287 0 350 1 ο 8 440 0 440 585 a
9 288 0 1 2 0 4 441 ο 1 586 a
810 290 ξι 2 8 0 5 448 α 2 587 a
11 291 a 8 4 0 6 444 α 8 588 α
12 292 a 4 5 0 7 445 a 4 569 a
18 298 ε, 5 6 0 8 446 a 5 540 ι
14 294 a. 6 7 0 9 447 α 6 541 a
15 295 a. 7 8 0 400 4480 7 542 a
16 2960 8 90 1 4490 8 5434
17 297 a 9 100 2 4500 9 5440,
18 2981) 860 11 0 8 451 ει 450 545 a
190, 2995 1 120 4 4521) 1 5460
190 4041) 2 18 0 5 4585 2 547 0
820 4040 8 140 6 4545 8 5480
1 4050 4 150 7 4555 4 5490

