²⁰0 Iunsx PAGnffssmn COLLATARUM.

Ριι-ιι. une. Pan. m. rum, unc. Paris. ung.
ton. 11. tom. Π. fon. 11. rom. Π

317 2131) 804 2438 m 4425 253 503 1)
13 2101) 58 2408 08 4425 4 504 b
10 2205 §e 4455 00 4445 5 505 b

320 221 b ¹⁸ 4450 010 408 b 0 506 b

1 2220 7 447 8 u 4008 7 507 b
2 2230 0 ma. 12 4108 .8 5081)
3 2258 2 um» 13 4118 0 5000
4 2268 370 «nob 14 4128 000 moe
5 227 8 1 4515 15 4138 1 5128
3 ma 2 4525 Β 4148 2 5138
7 2208 3 “ab 17 4151) 8 5148
2 ' 2005 4 4541) 10 4161) 4 5151)
2 201 5 5 405 5 10 417 b 5 517 8
030 282 5 4 ssoh 220 4481) 0 5188
1 233 8 7 457 5 J 410 b 7 519 8 ,
2 2248 ’0 4580 ·.2 4201) 0 5208
2 2058 0 4500 ’3. 4211) 0 521 8
4 2068 080 4000 ’,4 4221) 070 5228
5 227 5 1 4010 ι5 4235 4 5238
’2 2385 ’2 4020 ⁸ 4841) 2 5248
7 2301) 2 4530 7 wsb 8 5258 .
3 2400 4 4058 ‚e 4201) 4 5268
‘2 241 0 f 4068 ’0 427 0 5 5278
m 2420 :8 407 8 000 4208 ⁸ 5288
1 2448 7 4088 1 4290 7 5208
·2 2458 3 4021) t 4200 8 5008
3 ma. 08 4701) ·0 4210 0 5018
4 247 8 00 471 1) -4 4020 mo 5328 ·
5 2488 (300 4710 5 4330 1 5338
t 2408 1 4720 3 4240 2 5248
7 2508 2 4748 7 4350 3 5358
0 2515 3 4758 em 4230 ·4 5068
0 2521) 4 4768 fic 4075 5 5378
ew 253 5 5 477 8 0 40¹1 0 Β 528 8
1 2540 ·6 4788 040 4808 U 5391)
2 255 0 7 4708 ’.1 4008 Β 5405
3 256 0 0 4308 3 4018 0 5411)
4 257 0 ,0 481 8 8 4028 200 5425
5 2580 000 4828 4 4088 1 5430
⁶ 2500 a mh -5 auh 2 5455
7 2000 ,2 4845 fi 4251) 0 aab
8 201 0 wan. 4850 ,7 mh 4 5475
0 me 38 4371) 8 *im-b 5 aab
8⁸⁰ 2830 4 437 0 2 4080 5 5490
1 205 8 5 430 8 050 ,5008 ,7 5500
8 ⁴ 2668 s ‘440⁸ ι ,5018 8 5510
3 ²⁶⁷⁸ 7 ‚441 a ,8 ma ι 9 mc

 

