2Ἷο INDEX HANGEYANUS 11.

Genesis. Genusia.
37,15. I, 193. 125 bis. 196. 42,16. I, 461.
565. 13. 1, 439.
17. 1, 196 bis. 36. 1, 55. 686.
33. Ι, 667. 43, 10. 1, 510.
36. Ῑ, 389. 45, 8. I, 439. ·
38, 6. 11, 443. 9. 1, 122.
7. Ι, 100. 11. 1, 122.
9. 1, 260. 275. 16. 1, 604.
11. 1, 293. 18. 1, 604. 605.
2088. Ι, 568. 22. 1, 468.
25. 1, 598. 26. 1, 509.
26. 1, 599. 28. 1, 439. 611.
39, 1. 1, 289. 389. 604. 46, 1. Ι, 646.
188. Ι, 134. 4. 1, 231.
23. I, 240. 27. I, 467. ⁰
7. 1, 439. 338. Ι,309.
21. Ι, 289. 34. 1, 171.
22. I, 283. 47, 3. Ι, 171. 309.
40,2. 1, 389. . 4. 1, 310.
3. 1, 162. 439. 9. 1, 417.
988. 1, 680. 24. 1, 463.
10. 1, 685. 48, 1 88. Ι, 105.
15. 1, 439 bis. 5. 1, 593.
16. Ι, 679. 686. 13. I, 396.
20. 1, 388. 15. Ι, 59. 122. 296. 584.
41, 5. 1, 223. 158. 1, 556.
17. 1, 690. 693. 16. 1, 432.
1788. 1, 687. 22. 1, 92.
2888. (Α.Π, 61.) 49,2. 1, 510.
42. 1, 664. · 15. 1, 471.
43. Ι, 461. 665. , 17. 1, 63. 85. 314.
45. 1, 633. 18. 1, 319.
49. 1, 243. 22. Ι, 394. 402.
42, 1 ss. 11, 64. 33. 1, 164.
11. 1, 411. 427. 50, 3. 1, 468.

15. 1, 461. 78. Ι, 461.

 

