298 INDEX PAGINARUM COLLATARUM.
Parta. ung. Paua. ung.

Pub. Mum.
ronst.

'300-02

eom-toennboeuu

a

ἓθωῆθῦιρθὶθῌ

β

fl}

550 5
5515
5595
558 5
554 5
555 5
556 5
5575
558 5
559 5
561 ιι
562 ι
’569 a
⁸642
5655
566 ι
5675
568 ι
569 ιι
5705
5711)
5721)
573 1)
5741)
5751)
5761)
577 1)
478 ι
4741)
4751)
4761)
477 5
4785
479 5
480 5
481 5
483 a

rnna. Hans.

αἱ

Tem. 1.
494 1)
495 1)
496 1)
497 1)
498 b
499 1)
500 1)
501 1)
509 1)
508 1)
504 5
505 5
506 5
507 5
508 5
509 5
511 ι
512 ι
518 ι
514 a
515 a
516 a
517 ι
518 a

Ton- Π.

411)
491)
481)
441)
451)
461)
471)
481)
491)
,505
515
525
535
545
5551
565
565
575
595,
595

,ψωωμὲ5555515ωμὲοωηὲ

u

Τοιιι. 11.

ϋμὲθῠῆθῧρθῦμὲ

Tem-1.
6441)
6455
6465
6475
6485
6495
6505
6515
6595
6549,
6545
6565
6575

56585

101 5
104 a

107 a
108 ι
109 ι
110 ι

