INDEX Locomm.

Leviticae.

1, 9. 1, 115.
13. I, 115.
2, 13. 1, 663.
11. 1, 543.
13. 11, 255 bis.
3, 16. Ι, 243.
17. 11, 356. -
4, 3. Π, 246.
6. Π, 246.
22. Π, 247.
5, l. 11, 275.
2. Π, 355.
43. 1, 698.
533. 1, 614.
7. Ι,616. ·
11. 1, 616.
12. 1, 616.
20 (6, 1)33. H, 247.
21 (6, 2). 11, 275.
6, 2 (9). 11, 254.
13 (20). Π, 250.
20 (27). 1, 497.
7, 11 33. Π, 245.
15. Π, 246.
34. 1, 113.

3‚29. 1, 113.116.446.

9,14. 1, 115 bis. 116.
24. 1, 509.
10, 1. Ι, 76.
l 3. 1, 555.
3. Ι, 555.
6. I, 667.
83. Ι, 377.
9. Ι, 379. 11, 367.
16. 1, 569.
20. 1, 563.

Leviticus.

11,3. Π, 353.
4. 1, 320.
7. 1, 322. Π, 352.
33. 11, 352. 354.
1333. Π, 355.
20. 11, 354.
21. Ι, 506.
22. 1, 35. Π, 354.
31. Ι, 633.

275

42. 1, 114. 445. 446. Π,

354.

“ 13,3. 1, 234.

11 ss. Ι, 231.

. 12. 1, 346. 400.

14. 1, 291.
14,35. 1, 293.
35 s. 1, 292.
36⁸⁸. 1, 134.
15,31. 1, 90.
16,1ss. 1, 76.
7. 1, 338.
73. Ι, 75.
10. Ι, 233.
17. Ι, 434. 634. 633.
17,11. Ι, 206. Π, 356.
18, 1—5. 1, 531.

3. Ι, 662. 663.
11 s. Π, 342.
13. 11, 339.

14. 11, 363.
S 2

