280 mnnx mma-mmmm 11.

Deuteronomium. Deuteronomium.

20,1⁷s. 11, 407. 32,32. 1, 331.

27,2. 1, 244. 323. 1, 634.

9. Ι, 474. 650. 3433. 1, 108.

15. 1, 34. 33. 1, 253. 633.
17. 1, 103. 241. 33. cap. vot. 1, 603.
18. Ι, 109. 88, 1. 1, 582. 597.
13. 1, 633. 4. 1, 456.

28, 133. 11, 383. 6. 1, 610. (A. 11, 341.)
12. 1, 296. 433. 3. 1, 75. 204. mazza.
23. 11, 423. 10. Ι, 204.

24. Π,430. 11. Ι, 476.

23. 1, 500. 34,4. 1, 443.

3333. 11, 429. 5. 1, 165.

53. 11, 430. 6. 1, 165.

61. 11, 433. 7. 1, 270.

65. 2230. 10. 1, 511.

66. 1, 230.
29,4. 1, 564. 1 ο 3 u a.
30, 4. 1, 435.

0⁵. 1, 682· 1, 5. Ι, 430.

1033. 11, 421. 2, ll· I, 404.

{3:3: ἓίἱῖῗὶι.. 1¹² ἃ ⁵ 0 ω·
14. 1, 614. 632. 11, 456. 3, 3. Ῑ,424.

15. 1, 230. 554. 13, 5. (A. 11, 550.)
20. 1, 223. 233. 533. 554. 6. (A. 11, 555.)
32, 4. 1, 606. 11, 673. 16. (A. 11, 555.)

5. 1, 39⁴. 17 ε. (A. 11, 553.)

7-3. 1, 241. 22. (Α. 11, 553.)

71. 1, 333. 14, 6. (A. 11, 565.)

3. 1, 527. 14. (A.11‚ 567..)
10-112. (Δ. 11, 613.) 14-13, (A.11, 573⁸.)
13. .

15. Ῑζ ἐξ. 542. 1. Samuel‘is.
18. 1, 426. 1, 14. 1, 330.

29. 1, 258. . 15. 1, 373. 330.

