272 INDEX MANGEYANUS Π.

Εκοᾶωι Exodu&

12, 5. 1, 113. (A. 11, 4523.) 15,25. 1, 255.441.
6. (Δ. Π, 446. 45433.) 27. 1, 573. 574. st

7. (A. Π,457.) 16,4. 1, 113. 120. 566. 617. 2
3. 1, 542. (Α. 11, 4533.) 5. 1, 120. 4
33. (A. 11, 46033.) 13. Π, 357. ⁴
·1l. 1, 117. 174. 440. (A. 1388. Ι, 120.
Π, 443. 462.) 14. 1, 121.
17. (A. Π, 464.) 15. 1, 121 bis. 566.
22. (A. 11, 464.) 18. 1, 500.
23. 1, 73. (Α. Π, 465.) 36. 1, 533.
34. Ι, 174. 17, 3. 1, 586. 3
33. 1, 453. 6. Ι, 33. 175. 425. 465. ’
13,13. 1, 433. . 637.
11. 1, 181. 11. 1, 124.
12. 1, 133. 12. 1, 36.
123. 1, 133. 13,4. 1, 481.
13. 1, 185 bis. 7. 1, 473.
15. 1, 133. 11. 1, 363.
13. 1, 673. 14. 1, 269. Π, 365.·
14,7. 1, 374. 16. 1, 363.
13. 1, 162. 1633. 1, 594.
14. 1, 474. 634. 25. 1, 535.
13. 1,.501. 13,4. (A. 11, 613.)
27. Ι,415. 6. Ι, 402. Π, 3.
30. 1, 410. 636. 17. Ι, 631.
15, 1. 1, 35. 313. 634. 13. 1, 503.
133. Π,173. 13. 1, 475.
4. 1, 374. · 20. 1, 333.
3. 1, 121. 26. 1, 130.
3. Ι, 152. 20, 2. 1, 532.
17. 1, 527. 5. Ι, 400.
173. 1, 336. 7. Π, 134.
13. Π, 603. 3. Π, 232.
2ο. 1, 312. 12. 1, 201. (V, 64.)

2133. 1, 255. “
23 33. 1, 543.

13. Π, 136. 3353

16. Π, 342.

