mnnx Loconum. 273

Exoduffi

. 20,17. 11, 351.

13. 1, 443. Π, 133.
19. 1, 253. 475. 542.
2ο. 11, 214.

21. 1, 228. 573.

22. 1, 443.

24. Ι, 135.

25. 11, 577. (A. 11, 468.)

21’2211433.

10. 1‘, 452.

12· 1, 555. 557.
12-14. 1, 554.
13. Ι, 133.Π,319.
14. 1, 423. 557.
15. 1, 558. (v, 5ο.)

22 3. 1, 539.
25. 11, 830.
28. Π, 323.
31 s. 1, 560.
33. Π, 324.
22, l ss. 1, 93.
3. 11, 386.
6. 1, 136.
633. 11, 340.
158. 11, 311.
19. 11, 677.
20 3. (A. 11, 46833.)
22. Π, 677.
25. (A. 11, 468.)
25 3. 1, 634.
26. 1, 537.
27. (A.11‚ 471. 472.)
Ρ 11 1 1. o Vlll.

Exodnm

22, 23. (A. 11, 473.)

23,1. 1, 425. 11, 345. 577.
(A. 11, 474.)
13. Π, 342.
2. I, 361. 445.
3. 11, 347. (A. Π, 474.)
4. 11, 391. 394. (A. Π,
5. Π, 394. (A. 11, 475.)

- 6. 11, 573.

8. 11, 346 bis.

9. 11, 677. (A. H, 469.)
10. Π, 331.
18. (V, 68.)
15. (A. Π, 473.)
13. Π, 573. (Α. 11, 478.
19. Ι, 177. 11, 335. 333.
2ο. 1, 303. Π, 573.
2ος. Ι, 453. (A. Π, 475.)
22. (A. 11,480.)
24. Π, 573..
248. (A.11‚ 4818.)
26 3. Π, 426. (Α. 11, 482 3.)
23. Π, 423. 573. (Α. 11,
29. (A. Π, 485.)
31.· Π, 679.
33. (A. 11, 486.)

24, 1. Ι, 462.

133. (Α. 11, 487 33.)

6. 1,498.

633. (A. 11, 49133.)

9 33. II, 679.
10. Ι, 419. 630.. 688. (A.

