0 118 81 0018
0 918 81 0 608
0818 · §1 0808
0 018 81 ⁹2⁰ss
0818 81 0808
0 118 11 qm
0018 018 (lm
0888 0808
0888 0 108
0 188 ’0οΜ
8099 t m
0688 0 181
0 888 0901

9188 <1⁹01
1988 υηι
0988 0801
0 168
⁰ 888
0 tm
ο 088
0 618
⁰ 818
ο 118
⁰ 918
0 918
ο ὶ18
. ο 818
ο 818
0 118
(1 018
(1 008
(ι 808
q 108
(Ι 908
<1 ⁹08

0 m
0 808
0 808
0 108
0 008
0 668
0 918
0818
οὖ18
0 818 0 m 0 881 0 811
0 uz 0 888 0 891 0 811

0 118 0 808 0 181 0 111
Ἡ ’ποι Ἡ ‘³¹⁰8- ‘11 qnos, ·11 mmm

‘'u-n *τινα qm wa ‘Sum ὀντα vum “et-¹⁹21
663 'mnquN'I'Ioo nnuvnmvd xatml

0198 8 0081
0198 08 0681
vm 08 0881
0198 1 0181
0818 081 0981
”m 61 ont
”m 081 0881
gx 081 0881

0 181
qm 0 081
0 8οἱ 0 6⁵1
0 8οῢ 0811
0 1οὗ 0 tn
0 001 0 8ἱ1
0 668 . 0 9⁵1
0 108 0 811
0 908 0 at
0 808
0 *⁶8
0 808
1 0 868
0 108
0 068
0 888
0 188
0 988
0 888
0 ἱ88
0 888
0 811
0 111
0 811
0 811
0 nl
0 811
0 811
0 111
0 011
0 601
0 891
1 0 191
0 881
0 801
0 201

1-
353322

§ammonet-wo
0-oe
:u

0 181
0 061
0 881
0 881
0 181
0 881
0 ὖ81
0 881
0 881
0 181
0 081
0 888
0 188
0 088
0 018
0 818
0 118
0 818
0 818
0 018
0 818
0 818
0 118
0 018
0 888
0 188
0 888
0 888

0 ῙΠ.
0 0²⁶1
0 eet
0 881
0 181
0 981
0 881
0 181
0 881
0 181
0 081
0 681
0 881
0 181
0 881
0 881
0 nt
0 881
0881
0 181
0 081
0 811
0 811
0 111
0 011
0 811
0 ῧ11

Ξήωωάοομωωξμαωψοουω

ΟΗΩθἿΗΟΟῑΊ-ΦΟ

ἓ
e

1-
ἓἈΕΘΨῺΨδΦΦΞι-ΙἈΦἿΙΒΌΙΨΦΦ
1-

Ὁ-

0

fiuoefflflssboegfinoefflaot-oeo
t-

{flfloeffloot-oea

Ξ
ι-
ἒ
ἓ

