INDEX LocoRUM. 269

Genesim Genesim

28, 12. 1, 641. 662. 31,20. 1, 90.

1233. I, 62033. 203. 1, 547.
13. 1, 644 bis. 646. 27. 1, 549.
14. Ι, 647 his. . 28. Ι, 479.
15. 1, 647.·648. 33. 1, 567.
16. 1, 648. 35. 1, 365.
17. 1, 437. 643. 43. 1, 151.
21. 1, 342. 645. .·53. Π, 271.
22. 1, 533. = 32,1ο. Ι, 32.

29,4, 1, 470· 26. I, 606. 640. H, 415.
25, 1, 354, 28. Ι, 369. 535.
27. 1, 364. 29· 1, ⁵80·

28. 1, 365. 31· 1‚633.
⁸31. Ι, 75, 123., 147. 251. 33, 5. 1‚478.
” 430520. 598. 11. Ι, 169.

35. I, 59. 116. 349. 626. 34, 3. 1, 607·
30‚1ss. Ι, 75. 123. 523. 35,2ε. 1, 416.

2. Ι, 260. 4. 1, 92.

13. Ι, 451. Ι 11. Ι, 532.

16. 1, 537. 1633. 1, 593.

13. 1, 349. 18. 1, 592.

24. 1, 260. 29. 1, 164.

30. 1, 470. 36,12. 1, 527.

36· 1, 1⁷0 bis. 306· 37,2. 1, 290. 394.

3⁷· 1, 345· 3. Ι, 192. 654.

42· ἰ, 498· 7. Ι, 660. 661. 663. 669
31,3. 1, 440. 441. bis.

4. 1, 191. 7ss. Π, 42.

5. 1, 192. 8. 1, 660. 671.
10. Ι, 662. - ,9 33. 1, 673.
uss. Ι, 649. 650. 10. Ι, 660. 676.
1253. 1, 655. 12. 1,193.

13. 1, 656 bis. 657. 13. 1,193bis.
14. Ι, 479. lass. Ι, 192.

14 s. 1, 548. 14. Ι, 194.

